    0.50000    0.50000    0.50000          1
    0.25000    0.75000    0.25000          2
    0.75000    0.25000    0.75000          3
    0.37500    0.62500    0.62500          4
    0.87500    0.12500    0.12500          5
    0.12500    0.37500    0.87500          6
    0.62500    0.87500    0.37500          7
    0.31250    0.31250    0.56250          8
    0.81250    0.81250    0.06250          9
    0.06250    0.56250    0.81250         10
    0.56250    0.06250    0.31250         11
    0.18750    0.93750    0.18750         12
    0.68750    0.43750    0.68750         13
    0.43750    0.18750    0.43750         14
    0.93750    0.68750    0.93750         15
    0.46875    0.84375    0.84375         16
    0.96875    0.34375    0.34375         17
    0.21875    0.09375    0.59375         18
    0.71875    0.59375    0.09375         19
    0.09375    0.46875    0.46875         20
    0.59375    0.96875    0.96875         21
    0.34375    0.71875    0.21875         22
    0.84375    0.21875    0.71875         23
    0.15625    0.53125    0.28125         24
    0.65625    0.03125    0.78125         25
    0.40625    0.28125    0.03125         26
    0.90625    0.78125    0.53125         27
    0.28125    0.15625    0.90625         28
    0.78125    0.65625    0.40625         29
    0.03125    0.90625    0.65625         30
    0.53125    0.40625    0.15625         31
    0.26562    0.60938    0.42188         32
    0.76562    0.10938    0.92188         33
    0.01562    0.35938    0.17188         34
    0.51562    0.85938    0.67188         35
    0.14062    0.23438    0.79688         36
    0.64062    0.73438    0.29688         37
    0.39062    0.98438    0.54688         38
    0.89062    0.48438    0.04688         39
    0.07812    0.79688    0.98438         40
    0.57812    0.29688    0.48438         41
    0.32812    0.04688    0.73438         42
    0.82812    0.54688    0.23438         43
    0.45312    0.42188    0.35938         44
    0.95312    0.92188    0.85938         45
    0.20312    0.67188    0.10938         46
    0.70312    0.17188    0.60938         47
    0.23438    0.26562    0.70312         48
    0.73438    0.76562    0.20312         49
    0.48438    0.51562    0.95312         50
    0.98438    0.01562    0.45312         51
    0.35938    0.89062    0.07812         52
    0.85938    0.39062    0.57812         53
    0.10938    0.14062    0.32812         54
    0.60938    0.64062    0.82812         55
    0.42188    0.07812    0.14062         56
    0.92188    0.57812    0.64062         57
    0.17188    0.82812    0.39062         58
    0.67188    0.32812    0.89062         59
    0.04688    0.70312    0.51562         60
    0.54688    0.20312    0.01562         61
    0.29688    0.45312    0.76562         62
    0.79688    0.95312    0.26562         63
    0.39844    0.44531    0.92969         64
    0.89844    0.94531    0.42969         65
    0.14844    0.69531    0.67969         66
    0.64844    0.19531    0.17969         67
    0.02344    0.82031    0.30469         68
    0.52344    0.32031    0.80469         69
    0.27344    0.07031    0.05469         70
    0.77344    0.57031    0.55469         71
    0.21094    0.13281    0.49219         72
    0.71094    0.63281    0.99219         73
    0.46094    0.88281    0.24219         74
    0.96094    0.38281    0.74219         75
    0.33594    0.50781    0.86719         76
    0.83594    0.00781    0.36719         77
    0.08594    0.25781    0.61719         78
    0.58594    0.75781    0.11719         79
    0.11719    0.66406    0.21094         80
    0.61719    0.16406    0.71094         81
    0.36719    0.41406    0.46094         82
    0.86719    0.91406    0.96094         83
    0.49219    0.03906    0.58594         84
    0.99219    0.53906    0.08594         85
    0.24219    0.78906    0.83594         86
    0.74219    0.28906    0.33594         87
    0.30469    0.97656    0.64844         88
    0.80469    0.47656    0.14844         89
    0.05469    0.22656    0.89844         90
    0.55469    0.72656    0.39844         91
    0.17969    0.35156    0.02344         92
    0.67969    0.85156    0.52344         93
    0.42969    0.60156    0.27344         94
    0.92969    0.10156    0.77344         95
    0.13281    0.92969    0.50781         96
    0.63281    0.42969    0.00781         97
    0.38281    0.17969    0.75781         98
    0.88281    0.67969    0.25781         99
    0.25781    0.30469    0.13281        100
    0.75781    0.80469    0.63281        101
    0.00781    0.55469    0.38281        102
    0.50781    0.05469    0.88281        103
    0.44531    0.74219    0.07031        104
    0.94531    0.24219    0.57031        105
    0.19531    0.49219    0.32031        106
    0.69531    0.99219    0.82031        107
    0.07031    0.11719    0.69531        108
    0.57031    0.61719    0.19531        109
    0.32031    0.86719    0.94531        110
    0.82031    0.36719    0.44531        111
    0.35156    0.21094    0.35156        112
    0.85156    0.71094    0.85156        113
    0.10156    0.96094    0.10156        114
    0.60156    0.46094    0.60156        115
    0.22656    0.58594    0.97656        116
    0.72656    0.08594    0.47656        117
    0.47656    0.33594    0.72656        118
    0.97656    0.83594    0.22656        119
    0.03906    0.39844    0.78906        120
    0.53906    0.89844    0.28906        121
    0.28906    0.64844    0.53906        122
    0.78906    0.14844    0.03906        123
    0.41406    0.77344    0.41406        124
    0.91406    0.27344    0.91406        125
    0.16406    0.02344    0.16406        126
    0.66406    0.52344    0.66406        127
    0.33203    0.78516    0.17578        128
    0.83203    0.28516    0.67578        129
    0.08203    0.03516    0.42578        130
    0.58203    0.53516    0.92578        131
    0.20703    0.41016    0.55078        132
    0.70703    0.91016    0.05078        133
    0.45703    0.66016    0.80078        134
    0.95703    0.16016    0.30078        135
    0.01953    0.59766    0.73828        136
    0.51953    0.09766    0.23828        137
    0.26953    0.34766    0.98828        138
    0.76953    0.84766    0.48828        139
    0.39453    0.22266    0.11328        140
    0.89453    0.72266    0.61328        141
    0.14453    0.97266    0.36328        142
    0.64453    0.47266    0.86328        143
    0.17578    0.06641    0.95703        144
    0.67578    0.56641    0.45703        145
    0.42578    0.81641    0.70703        146
    0.92578    0.31641    0.20703        147
    0.30078    0.69141    0.33203        148
    0.80078    0.19141    0.83203        149
    0.05078    0.44141    0.08203        150
    0.55078    0.94141    0.58203        151
    0.48828    0.25391    0.39453        152
    0.98828    0.75391    0.89453        153
    0.23828    0.50391    0.14453        154
    0.73828    0.00391    0.64453        155
    0.11328    0.87891    0.76953        156
    0.61328    0.37891    0.26953        157
    0.36328    0.12891    0.51953        158
    0.86328    0.62891    0.01953        159
    0.06641    0.33203    0.25391        160
    0.56641    0.83203    0.75391        161
    0.31641    0.58203    0.00391        162
    0.81641    0.08203    0.50391        163
    0.44141    0.95703    0.87891        164
    0.94141    0.45703    0.37891        165
    0.19141    0.20703    0.62891        166
    0.69141    0.70703    0.12891        167
    0.25391    0.01953    0.81641        168
    0.75391    0.51953    0.31641        169
    0.00391    0.76953    0.56641        170
    0.50391    0.26953    0.06641        171
    0.12891    0.64453    0.44141        172
    0.62891    0.14453    0.94141        173
    0.37891    0.39453    0.19141        174
    0.87891    0.89453    0.69141        175
    0.41016    0.55078    0.59766        176
    0.91016    0.05078    0.09766        177
    0.16016    0.30078    0.84766        178
    0.66016    0.80078    0.34766        179
    0.03516    0.17578    0.22266        180
    0.53516    0.67578    0.72266        181
    0.28516    0.92578    0.47266        182
    0.78516    0.42578    0.97266        183
    0.22266    0.86328    0.03516        184
    0.72266    0.36328    0.53516        185
    0.47266    0.11328    0.28516        186
    0.97266    0.61328    0.78516        187
    0.34766    0.48828    0.66016        188
    0.84766    0.98828    0.16016        189
    0.09766    0.73828    0.91016        190
    0.59766    0.23828    0.41016        191
    0.19922    0.73047    0.76172        192
    0.69922    0.23047    0.26172        193
    0.44922    0.48047    0.51172        194
    0.94922    0.98047    0.01172        195
    0.32422    0.10547    0.38672        196
    0.82422    0.60547    0.88672        197
    0.07422    0.85547    0.13672        198
    0.57422    0.35547    0.63672        199
    0.38672    0.91797    0.32422        200
    0.88672    0.41797    0.82422        201
    0.13672    0.16797    0.07422        202
    0.63672    0.66797    0.57422        203
    0.01172    0.29297    0.94922        204
    0.51172    0.79297    0.44922        205
    0.26172    0.54297    0.69922        206
    0.76172    0.04297    0.19922        207
    0.29297    0.38672    0.10547        208
    0.79297    0.88672    0.60547        209
    0.04297    0.63672    0.35547        210
    0.54297    0.13672    0.85547        211
    0.16797    0.76172    0.73047        212
    0.66797    0.26172    0.23047        213
    0.41797    0.01172    0.98047        214
    0.91797    0.51172    0.48047        215
    0.10547    0.19922    0.54297        216
    0.60547    0.69922    0.04297        217
    0.35547    0.94922    0.79297        218
    0.85547    0.44922    0.29297        219
    0.48047    0.57422    0.16797        220
    0.98047    0.07422    0.66797        221
    0.23047    0.32422    0.41797        222
    0.73047    0.82422    0.91797        223
    0.46484    0.15234    0.68359        224
    0.96484    0.65234    0.18359        225
    0.21484    0.90234    0.93359        226
    0.71484    0.40234    0.43359        227
    0.08984    0.52734    0.05859        228
    0.58984    0.02734    0.55859        229
    0.33984    0.27734    0.30859        230
    0.83984    0.77734    0.80859        231
    0.15234    0.46484    0.24609        232
    0.65234    0.96484    0.74609        233
    0.40234    0.71484    0.49609        234
    0.90234    0.21484    0.99609        235
    0.27734    0.83984    0.62109        236
    0.77734    0.33984    0.12109        237
    0.02734    0.08984    0.87109        238
    0.52734    0.58984    0.37109        239
    0.05859    0.99609    0.46484        240
    0.55859    0.49609    0.96484        241
    0.30859    0.24609    0.21484        242
    0.80859    0.74609    0.71484        243
    0.43359    0.37109    0.83984        244
    0.93359    0.87109    0.33984        245
    0.18359    0.62109    0.58984        246
    0.68359    0.12109    0.08984        247
    0.37109    0.68359    0.90234        248
    0.87109    0.18359    0.40234        249
    0.12109    0.43359    0.65234        250
    0.62109    0.93359    0.15234        251
    0.24609    0.05859    0.27734        252
    0.74609    0.55859    0.77734        253
    0.49609    0.80859    0.02734        254
    0.99609    0.30859    0.52734        255
    0.49805    0.65430    0.29883        256
